0.31587  3.60e-13
0.06571  1.93e-13
5.76209	 5.82e-12
8.04700  6.50e-11
0.03339	 4.20e-13
0.01612	 5.17e-14
0.14315	 3.66e-15
0.05056	 4.78e-13 
0.46496	 1.42e-13
0.38489  5.50e-14 
0.11279	 9.3e-18
0.08932	 1.25e-13
0.06468	 7.26e-15
0.10738	 8.08e-14
0.06280	 8.6e-15
0.40796	 4.02e-12
0.13547	 7.52e-13 
0.42413	 2.22e-17
0.19333	 2.53e-13
0.03118	 3.89e-14
0.06169	 8.58e-15
0.15125	 1.53e-12
0.10213	 3.12e-14
2.06983	 2.31e-11
4.32702  2.77e-12
0.81345	 6.50e-13
2.59457	 *
0.20644	 9.76e-13
0.23160	 1.12e-13
0.10245	 9.29e-14
3.82493	 5.88e-11
1.11013	 1.21e-12
0.05215	 1.55e-13
0.41582	 1.12e-13
0.12492	 1.27e-13
0.13366	 1.34e-13
7.55592	 5.49e-10
0.14678	 3.44e-14 
0.06466	 4.40e-14 
0.04469	 1.26e-13
0.06188	 2.02e-13
2.48230	 7.96e-12
11.7889	 4.09e-11
6.97127	 *
0.32657	 7.10e-12
2.19149	 4.32e-15
0.10491	 8.68e-18
0.26743	 2.08e-13 
0.10663	 8.68e-14
0.32364	 452.15e-15
5.19834	 9.2e-11
0.13685	 7.50e-13
3.24498	 *
0.03953	 5.84e-15	
0.30768	 3.10e-15
0.26531	 5.46e-14
0.04857	 8.61e-14
0.05162	 7.82e-14
6.97907	 4.71e-13
0.49536	 1.93e-13
