0.028854  4.73e-20
0.195671  6.85e-19
0.015542  4.40e-20
0.864873  1.05e-16
0.011110  4.91e-20
0.016453  4.33e-20
0.005109  1.80e-21
0.393899  4.31e-15
0.043589  1.43e-19
0.034528  1.87e-19
0.147274  4.40e-18
0.009423  2.47e-20
0.034117  6.75e-20
0.009348  2.45e-20
0.028635  1.42e-19
0.045249  8.17e-19
0.011360  1.31e-19
0.060822  2.49e-19
0.014842  24.9e-20
0.003151  9.62e-21
0.027083  2.46e-19
0.012786  3.11e-20
0.008870  2.63e-20
0.012648  7.26e-20
0.004186  8.23e-20
0.021507  4.9e-20
0.003543  0.37e-20
0.005084  8.8e-21
0.013138  9.39e-20
0.020732  4.27e-18
0.016052  2.98e-20
0.032818  5.86e-20
1.066371  5.69e-16
