0.003210  -1.83e-21
0.004033  3.4013e-20
0.002830  -1.20536e-19
0.007588  2.937e-19
0.004343  9.52e-20
0.001877  4.97e-21
0.002573  5.16e-21
0.024575  2.99e-19
0.002323  7.74e-20
0.002733  1.77e-20
0.039123  2.41e-19
0.025702  7.90e-20
0.005757  5.73e-20
0.002556  7.35e-21
0.003062  9.59e-21
0.003149  1.75e-20
0.003479  7.79e-21
0.005256  1.71e-20
0.002339  2.22e-21
0.007474  1.77e-20
0.026310  6.30e-20
0.003102  6.09e-20
0.002630  4.01e-21
0.003539  1.62e-21
0.003684  2.28e-20
0.088282  8.11e-19
0.002678  1.77e-20
0.002389  1.86e-20
0.007602  2.79e-20
0.002012  1.41e-20
0.004111  6.42e-21
0.007987  2.43e-20
0.003589  1.86e-20
0.007947  -3.33e-21
0.002484  2.61e-20
0.008486  2.70e-20
0.002057  1.62e-20
0.003575  5.25e-20
0.003598  9.50e-21
0.023623  5.88e-20
0.011076  6.71e-19
0.003163  2.83e-21
0.004622  1.85e-20
0.004129  1.12e-20
0.005242  -1.30e-19
0.003594  -3.48e-19
0.003418  1.26e-19
0.004505  1.14e-20
0.004631  3.63e-21
0.102618  2.67e-17
0.004570  8.53e-21
0.005313  1.42e-20
0.005850  2.41e-20
0.003747  3.02e-20
0.019376  9.25e-20
0.003915  1.13e-20
0.007454  -4.44e-23
0.334415  1.71e-17
0.009343  4.09e-20
0.032822  1.47e-19
0.002661  1.34e-20
0.004430  1.25e-20
0.003193  4.31e-20
2.504518  4.03e-16
0.004554  6.80e-21
0.005116  7.00e-21
0.035578  2.20e-16
0.029773  8.17e-18
0.004186  1.07e-20
0.003560  1.09e-20
0.004092  8.72e-21
0.005362  1.78e-20
0.004909  5.90e-21
0.007797  4.57e-20
0.001742  9.20e-21
0.003598  1.04e-20
0.071095  1.10e-19
0.002947  1.40e-20
0.004984  9.69e-21
0.003266  2.95e-21
0.003626  1.42e-20
0.007646  2.57e-20
0.004305  1.89e-20
0.006133  2.97e-20
0.064940  4.01e-19
0.002896  8.30e-21
0.003935  7.02e-21
0.005949  1.11e-20
0.002380  5.24e-21
0.003726  2.09e-20
0.002978  1.46e-21
0.006908  9.60e-21
0.005192  1.33e-20
0.003445  2.42e-21
