0.1153635682680      5.96703E-15       
0.69374767047        2.097E-15         
0.3158731909         3.6039E-13        
1.240699038946       5.6446E-16        
0.004554447383906    -4.54E-21         
0.0037046394947985   9.820E-21         
0.00575677999551635  -4.98503E-20      
0.00535757328486573  -3.4220E-21       
0.00353632915276244  9.85103E-20       
0.00262357935251262  6.45029E-20       
0.00404037914356515  -4.21584E-20      
0.0043461679994616   -1.22045E-19      
0.0036766432176002   -3.8419E-20       
0.00305395434626085  -2.18570E-20      
0.00477152291069356  1.83610E-20       
0.318357731235       0.15006E-15       
0.0048654532109097   1.0174E-20        
0.9429509945598      4.08210E-16       
1.1182253452412      2.878973E-15      
0.63233580002        2.49E-15          
1.217094296058       2.35454E-15       
0.35473179890        7E-18             
2.115171148865       9.53764E-15       
0.472036662076       3.32849E-15       
0.7380624426         1.0E-16                  
8.020392             1.88E-11          
1.679164229064       5.95492E-15
0.0831573050050      4.2792E-16        
0.807564614019       7.704E-17         
1.2836598429         1.3051E-14        
1.071118109859       4.809E-17         
0.68854151164        7.092E-15         
0.32588301613        4.8590E-15        
0.1014390664824      5.849955E-15              
0.348124045581       1.7614E-15        
0.463473741703       1.200E-16
0.136961610513651    7.83699E-17       
0.4147630265082      0.01223E-15       
1.77534382596        7.9096E-14        
0.272450630950       1.071167E-14      
1.2229485205457      3.91070E-16       
8.6889941            1.99E-12          
0.19632137543003     2.56763E-16       
1.464664549334       4.4259E-16        
2.74664729014        1.700E-15         
0.8327416126878      1.299202E-15      
1.81156061131        1.516E-16         
2.35174493646        1.889254E-13      
1.349184471846       5.5144E-15        
0.06571592849324     1.93754256E-13    
0.630550140847       1.1994E-15        
1.0773327013         2.9E-16           
0.376386292          6.6E-15           
0.548879819155       6.6212E-16        
1.466820306152       3.10998E-15       
0.217094             5.509E-14         
0.447708444058       3.06E-17          
1.387584446262       1.295235E-15      
3.032071956385       6.3562E-16        
0.336620230291       0.381E-15         
0.893319660649       0.21525E-15       
0.714519699726       2.048265E-15      
0.26920054092953     7.3505E-18        
0.00329933936624965  7.08E-21          
2.59702715738        0.057E-15         
1.934478067294       1.342243E-14      
0.4441044988         1.3037E-14        
0.1970300980314      4.76594E-16       
0.156384121559       4.39496E-15       
0.0794272322920      1.673360E-14      
0.545252742352       1.5382E-15        
0.5945761650437      5.57316E-15       
0.3907150899386      7.6601E-17        
0.75711887132        9.7E-16           
9.07838822           4.1E-15           
3.453004027          2.759E-14         
2.161308494552       1.16338E-15       
0.922474730055       39.3444E-15       
0.4504483308563      1.48347E-16       
0.479163971291       3.371E-15         
0.4380141493906      1.02649E-16       
0.24545429           0E-15             
0.548939223294       5.753107E-15      
0.340729436235       2.37227E-15       
0.320422711526       1.02119E-14       
0.80013207321        36.70E-15         
2.49701169613        0.21E-15          
1.88347965849        5.3E-16           
1.133076123659       1.39825E-15       
5.76209653           5.82E-12          
0.638565481517       5.582339E-15      
0.69125141818        2.3090E-14        
0.322061827468       0.206E-15         
0.004990575114114    1.17E-21          
0.263211634568       0.6968E-15        
0.2416421756731      3.0092E-17     
0.67453190906        17.727E-15        
0.35443759451370     7.36052E-17       
8.0470               6.5E-11           
3.74553925030        4.00530E-14       
0.97572496638        1.5509E-14        
0.64274275093        5.354E-15            
0.96301770198        1.60E-16          
0.0333924123         4.20972E-13       
1.81756503106        425.05E-15        
0.20051133           11.5E-15          
1.24585559629        5.65E-16          
0.0161222220245      5.1784338E-14     
0.14315825891177     3.6694515E-15     
0.5242708632083      0.44811E-15       
0.0505697030222      4.789091E-13      
1.286014595          8.2E-16           
0.2459747688901      1.5422691E-14     
0.70895418575        3.94E-15
2.84385038524        7.65E-15                    
0.464960965736       1.426028E-13      
0.82783808575        5.96E-15          
2.261364513          2.78E-15          
0.3959691695432      1.302098E-15      
0.05569801392951     0.000235E-15      
0.27032946262        3.997E-15         
0.29798232657184     5.94681E-17       
0.61919818110        3.2448E-15        
0.33495996611        5.94494E-14       
0.2699540683678      0.00724E-15       
0.333208231801       2.54237E-14       
0.613759600022       0.08837E-15       
1.0390764758510      8.30442E-16       
0.346522567131       1.698E-15         
0.47587700897        29.8087E-15       
1.241421391299       0.5479E-15        
0.476622836038       1.99573E-15       
0.680574832268       3.7481E-15        
1.24441859615        7.1229E-15        
0.1109789432160      3.61723E-15       
0.287800021959       1.046741E-13      
0.29739519058        7.9592E-14        
0.2370994416923      1.097087E-14      
3.2532108384         3.82E-15          
1.98459736713        3.1722E-15        
0.00885349668613151  4.923E-21         
0.9039132            0.7357E-15        
1.23485362778        6.421E-15         
0.924053918109       0.1525E-15        
1.2144405115160      3.798787E-15      
1.22475441462        0.0267E-15        
0.183156898795       0.03191E-15       
0.563294925255       9.15201E-15       
0.384891195054       5.500309E-14      
0.485268383925       0.1260E-15        
1.21409049248        4E-16             
0.00549096850619231  1.49067E-20       
0.974724730631       7.2819E-15        
8.391115532          6.983E-14         
0.4243114031834      9.2640E-17        
3.4423084877         293.11E-15        
0.251658714181       1.132879E-13      
0.51016034483        1.895713E-14      
1.79624970117        5.704E-15         
0.156250            1.22e-14          
4.8628739612         151.89E-15        
0.320366370454       5.46883E-15       
0.374919985032       1.6161E-15        
0.166762291572       1.682112E-14      
0.2148363514         2.73E-15          
2.79102517845        16.660E-15        
1.095452157610       9.770E-16         
1.442349479143       1.079865E-15      
0.6822651758060      1.618890E-15      
2.19198689593        4.21E-15          
11.37038593          5.6E-14           
0.52664353143        0.378E-15         
0.86634928471        0.401E-15         
0.547199235502       3.0825E-15        
0.482595929159       0.0449E-15        
1.292241446862       1.68114E-16       
0.64516119106        0.139E-15         
0.7637418483         0.58E-15          
2.161258926939       0.7534E-15        
1.2381295438682      2.105178E-15      
0.1248363804193      2.44174E-15       
1.07356658405        12.169E-15        
0.54544553611        1.89E-17          
0.3967282353771      3.47811E-15       
0.112799455072       9.3E-18           
0.53066051169        1.70932E-15       
1.84891880365        9.963E-16         
0.311673518473       1.279E-15         
0.121116349354       4.437E-15         
0.541404373627       9.778E-15         
0.089328385024       1.25008E-13       
1.2737682915785      6.799219E-15   
0.751623617646       3.5393E-15        
0.3085806621443      0.0390E-15        
1.7039457055         8.1E-16           
0.72061236106        1.644E-15         
0.64435405580        9.497E-15            
0.2089556931527      1.7238E-16        
1.116097163402       1.60135E-15       
5.9774927370         119.94E-15        
0.367953256307       7.908E-16         
1.60222797387        4.463E-16         
1.267535702756       6.32095E-15       
0.0646861308252      7.26269E-15       
0.57507238258        1.362E-14         
0.9625085573         1.677E-15         
0.326774210079       2.334387E-14      
0.441995130786       8.7494E-14        
0.6603133715         1.07E-16          
0.9651709987         1.887E-15         
0.54955311909        4.63E-16          
0.9882805974         1.49E-16          
0.346287436779       2.489796E-14      
0.340854176542       0.5220E-15        
0.253556015011       1.8303E-15        
0.40162562344216     6.695000E-16      
0.10675459250        1.5151E-14        
1.3628899542         3.33E-16          
1.526085076          3.59E-15          
1.2169757230         0.01E-15          
1.567994018480       3.60812E-15       
0.430627098928       1.37294E-14       
0.950288537028       9.7569E-14        
0.74629520954        3.5477E-14        
0.73950132654        4.878E-15         
0.004638029391211    4.1E-21           
1.93162674308        2.50E-16          
4.3921587127         8.37E-15          
0.570409236430       2.69E-16          
1.44477320982        4.654E-15         
0.087545204308       3.28683E-14    
0.65855761432        1.1379E-15        
0.66436748807        2.2854E-14        
0.808127417142       3.96284E-14       
1.087417728071       9.109E-17            
0.5702641245619      4.5256E-17        
0.3315855987755      4.8291E-15        
1.09770570486        3.49339E-15       
0.64001572416        0.6370E-15        
1.3738151214         5.8E-16           
0.2530651649482      2.29758E-16       
0.472834279266       4.3912E-14        
0.86211773933        3.517E-15         
0.203556697536       1.947E-15         
0.67008576040        8.2E-17           
0.2556770984252      9.595E-16         
1.43658262920        5.1396E-14        
1.66117674023        8.60E-16          
7.7336402649         5.99E-14          
0.7775009067         1.57E-15          
0.7134892535         104E-18           
0.30707169975        2.20737E-14       
0.8357974680         5.73E-16          
2.51794502050        8.809E-16         
2.1335912144         3.765E-14         
0.8199114962         1.7690E-14        
0.442900630729       5.58E-16          
0.139881677595       5.73680E-14       
0.7695835272         1.926E-15         
0.0878341561432      6.980E-16         
0.1073864584588      8.08342E-14       
0.50345881546        3.130E-15         
1.804694945768       1.74219E-15       
0.162498709997       2.0077E-14        
1.23830534423        4.047E-14         
0.140479910179       6.7386E-15        
0.67002629761        5.3E-17           
1.6437260020         1.454E-13         
0.11147243434        3.837491E-13      
0.0914032309         16.1E-15          
0.306410837119       1.784E-15         
2.40762231135        1.7891E-14        
0.464208010          3E-15             
1.150590428417       2.3046E-16        
0.579576736318       3.504E-16         
0.510368133101       1.64838E-15       
0.53350188629        1.362E-15         
0.02885155795131     0.000067E-15      
0.661992094032       1.2512E-15        
1.386368074588       9.44850E-16       
1.1708590770         6.733E-15         
0.288601695277       1.0404E-14        
0.13902889110        5.4628E-14        
0.326271446035       0.1242E-15        
0.36942669620        1.144E-15         
0.3303280523313      6.1006E-17        
0.1984514505627      1.68714E-15       
0.123670657887       9.63190E-14       
1.231304776630       12.19375E-15      
2.2023250770         4.41E-15          
6.4520766            3.809E-11         
0.180591500693       1.99831E-14       
0.383830423532       3.87E-16          
0.346908957903       4.074E-15         
0.228324249982       0.2090E-15        
1.8400035414         3.14E-15          
0.9475584093         9.239E-14         
0.099660833480       29.5322E-15       
0.44863544246        7.08E-16          
2.9193969868         2.0336E-14        
0.67608189374        5.76E-16          
0.422447188684       3.5757E-15        
0.628305878552       0.2248E-15        
0.197107608187       5.8335E-15        
0.62036503134        1.00581E-13       
1.3474021612         1.327E-15         
0.616270272343       6.57E-16          
1.18499893354        4.300E-15         
0.062800077          8.6E-15           
0.00339270965933     3.7E-21           
0.396586748928       9.904E-16         
0.2809053015394      1.96673E-15       
0.194938267113       2.183720E-14      
0.063192941526       1.58266E-14       
2.7179341360         2.33E-15          
0.252773323418       9.0E-18           
1.5165309654         3.4E-16           
1.7993956675         1.558E-13         
0.558252726401       2.0640E-15        
0.064961851894       3.14596E-14       
0.33421283978        8.24E-16          
0.82048420411        2.841E-15         
0.88081962549        4.60876E-14       
1.656439759937       2.492785E-15      
0.259776659501       7.235E-15         
0.943157882843       7.9536E-15        
0.50509714918        1.251E-14         
1.1552719604         2.4E-16           
0.40796298356        4.0202200E-12     
2.2805971963         3.67E-15          
0.53578313115        2.7669E-15        
0.244838478401       6.54E-17          
0.64023374765        6.460E-15         
0.271434052199       5.25308E-15       
0.232976432603       2.75002E-15    
0.185559973402       9E-18             
0.13547685441        7.52566E-13       
0.47909858452        6.2E-16              
0.202736911853       2.8128E-16        
0.5794164380         3.302E-15         
0.51598351050        1.1E-17           
0.162323475501       1.589E-17         
0.68098383242        9.52E-16          
0.2563527993088      4.5968E-16        
0.175166247082       6.8E-17           
1.02287514082        4.52E-16       
0.114943            7.93e-14          
1.187913065936       3.733837E-15      
0.36470557624        8.2151E-15        
0.55621605570        7.17E-17          
0.117563794023       1.24784E-14       
0.538431789013       1.9602E-15        
0.291467536511       4.6346E-16        
0.55838338569        7.8E-17           
0.675646047064       6.953E-16         
0.68535848563        0.485E-15         
0.98778306934        -3.8E-17          
0.85066494337        3.0835E-14        
0.27337242988        1.7941E-15        
3.5599372320         1.110E-14         
3.2410285031         2.7E-15           
0.101633196293       10278.4E-18       
1.7898294664         1.3E-15           
0.37656956576        6.685E-15         
0.28201171065        5.59E-16          
0.288409420325       2.6451E-14        
1.0379310509         1.02E-15          
0.400522048340       3.9313E-15        
0.66748553354        2.4E-17           
0.5250742392         2.817E-15         
0.59213602908        3.555E-15         
0.452800508195       2.1265E-15        
0.3088608620097      2.1708E-16           
0.440590723652       3.2695145E-12     
0.424130748816       2.224E-17         
0.2797673308446      7.2585E-16        
4.2370102164         4.3E-16           
0.433083926199       2.57E-16          
0.90982270118        5.34E-17          
0.63641413680        1.15E-16       
0.37404678583        1.6819E-14        
0.78921201205        8.0E-17           
1.0811635266         1.5E-16           
0.58576120812        2.0196E-14        
0.2164762031209      4.95332E-15       
1.018452868182       2.06340E-15       
0.626323941978       2.88E-16          
0.4196177915         9.46E-16          
6.1930040852         7.05E-15             
0.87723907778        0.0380E-15        
1.3512362992         1.4E-15           
1.8729943770         0.014E-15         
0.5647593892         6.92E-15          
0.75689193363        3.878E-15         
0.256777653406       1.97E-16          
0.294759771191       1.556E-16         
2.11097411794        2.19E-15          
1.11859068945        1.4456E-15        
1.3824491030388      9.60049E-16       
1.3019081139         1.1892E-14        
0.51224209318        1.739E-15         
0.47122487769        8.0E-17           
0.388480921041       4.5006E-15        
0.275207111323       9.998E-16         
1.5468189400         7.18E-15          
2.2830933508         1.092E-14         
0.198335136357       1.6918E-14        
1.23489349389        1932E-18          
0.43444487308        1.21E-17          
0.32705773823        0.3651E-15        
0.82333927128        1.1E-16           
0.2554963274098      2.09963E-15       
0.184502203069       6.24E-16          
0.65797363034        4.000E-15         
0.6173076699955      3.62700E-16       
0.6633290494         1.206E-15         
0.18452809509        2.66747E-13       
0.66382964770        5.6433E-14        
0.9678462129         6.33E-15          
2.3066415539         2.18E-15          
0.42776184224        3.214E-14         
0.47823093284        2.11E-15          
0.5716469444         4.032E-15         
0.98190211848        5.86E-15          
0.473026470689       5.9745E-15        
4.9624272525         2.11E-14 
10.31252206          1.120E-13         
1.05883304424        0.5259E-15        
0.4646997488         8.639E-15         
0.6194535568         8.79E-15          
0.398292162785       1.84E-17          
0.4475177112318      1.50859E-16                 
0.7281542173         1.48E-16          
0.8492356848         5.706E-15         
2.43743249609        6.8E-16           
0.84893275073        8E-16             
2.9483896038         1.17E-14          
0.34282539844        5.297E-15         
2.64219851320        12.560E-15        
0.26127055606        1.02E-16          
0.284351393041       1.5263E-15        
0.421118114249       1.5012E-15        
0.45848840672        1.9E-18           
0.279729147244       9.2543E-15        
1.27905759523        2.37E-15          
0.670037418386       5.6630E-16        
0.50605841373        2.587E-15         
2.7642094208         1.108E-14         
0.8441085753         5.58E-15          
2.48380369300        9.79E-16          
0.47799086689        3.238E-15         
0.7926701073         3.103E-15         
0.5430085792         5.31E-15          
0.52991319210        18.8787E-15       
0.196478664183       1.52962E-15       
0.280677974168       3.1177E-14        
0.53269880337        3.014E-15         
1.4787213559         6.1E-16           
1.5652179638         3.39E-14          
0.6481166471         0.510E-15         
0.650434490647       5.603E-16         
0.345602948594       0.00054E-15       
0.1077182159234      2.1596E-17        
0.207953012189       3.558E-16         
1.23898957650        1.3854E-14        
0.1370546579332      0.00053E-15       
0.55817922185        3.5E-16           
0.37862206628        5.0512E-15        
0.627285365870       1.9461E-14        
0.193339746306       2.53107E-13
0.54010232140        4.3E-17           
1.25308459010        3.25E-15          
0.2996251068         0.035E-15         
0.609961754304       1.4160E-14        
0.9277722389         3.79E-15          
0.259362860073       5.125E-15                
0.29569917630        7.526E-16         
0.1381577782128      8.88351E-15       
0.628902546380       1.234E-15         
2.951938334          1.48E-14          
0.64430109622        2.813E-15         
2.0386738254         7.1E-16           
1.21338122674        5.986E-15         
0.276603043150       3.1E-18           
0.507379566696       7.2350E-16        
0.455761             *                 
0.166108327507       3.601843E-13      
0.912971             *                 
0.12750077685        6.3385E-15        
0.0311816011         3.890E-14         
0.842789632370       1.67258E-14       
1.380177             *                 
0.39917017693        9E-17             
1.3061978120         1.204E-15         
2.65027              *                 
2.34680              *                 
0.61757468514        1.198E-15         
0.28834924425        6.11E-16          
0.213074653776       5.4701E-14        
0.49234420664        3.156E-15         
0.7016149492         8.85E-15          
0.5285907792         0.84E-15          
0.0500519462         32E-15            
0.2787294436271      6.74E-18          
0.52915639797        1.91E-15          
0.315224970657       9.86598E-14       
0.059198212396       4E-19             
0.28562462018        3.3344E-13        
0.10974069969        2.7680E-14        
0.29240770249        2.229E-15         
0.394945790784       7.4343E-15        
4.6301880619         6.39E-15          
0.39247897310        5.800E-16         
0.794882546          0.12E-15          
0.29558048193        4.280E-15         
1.09680600340        8.892E-16         
1.6725956812         2.71E-16          
0.110573011690       1.69394E-13       
0.9357719221         2.37E-16          
0.06817987659        8.3167E-14        
0.00638572883816     1.27E-20          
0.34096785164        9.6836E-14        
0.333410710172       1.45130E-15       
0.770374845874       7.80E-16          
1.427                *                 
0.366734060217       3.943E-15         
1.02350369913        2.4E-16           
0.35326292024        2.2E-17           
0.70786760576        7.42E-16          
0.50173030987        4.8E-16           
0.586485556229       0.6212E-15        
0.570290462862       2.0805E-15        
0.11584261008        3.0500E-14        
0.76391483053        4.2751E-14        
0.785440757324       2.7695E-15        
2.0349894792         5.924E-15         
*                    *                 
1.9544296353         5.63E-15          
0.30636786268        3.020E-15         
0.96334832315        1.03E-15          
0.04174114783993     5.50E-19          
0.472995435514       1.5433E-15        
0.0616961234035      8.5870E-15        
0.46761632345        6.3304E-15        
0.947903             *                 
0.45960536385        1.1201E-15        
1.17584002290        3.6E-16           
0.7320612647         0.338E-15         
2.7602279448         8.2E-15           
4.7585755679         18.542E-15        
0.463329577191       8.6E-17           
0.38662501748        5.0706E-14        
0.1549913579183      1.44989E-15       
0.0057923027349664   1.162E-20         
0.1794847539641      2.74610E-15       
0.1761912            *                 
0.53681              *                 
0.2633768148933      9.826E-17         
1.7483010801         5.29E-15          
1.4986374368         3.66E-15          
0.39073936418        1.2306E-14        
0.103150638274       2.52704E-14       
0.4640368139284      2.391E-16         
0.7829485661         1.7E-16           
0.535504397790       1.8286E-15        
0.66810515091        3.640E-14         
0.84210384000        1.348E-15         
3.31400150122        0.14E-15          
0.41298519981        5.529E-15         
0.840738545          6.37E-15          
0.28675704522        1.6045E-15        
0.35565490117        1.157E-15         
0.739681922904       4.99821E-15       
0.088921760489       9.1698E-15        
0.33903844870        2.121E-15         
0.9438712975         6.1E-16           
0.2003836959221      4.848E-16         
0.30151055002        3.44E-16          
2.0405315742         1.92E-15          
0.128694148448       6.85121E-15       
0.97345803480        2.755E-14         
0.15125125831483     1.5314675176E-12
1.046117156733       8.5284E-15        
0.45483920949        9.25E-16          
0.148796488226       2.8829E-15        
0.28664619650        6.098E-15         
0.650836871901       2.155E-16         
0.88661249686        2.098E-15         
0.005553592524205    4.122E-20         
0.7949966745699      4.179E-16         
0.214924800284       0.0406E-15        
0.51875778474        4.273E-15         
2.15430706064        8.372E-15         
1.25405163056        5.96E-15          
1.3896046876         3.30E-15          
0.10213598087        3.1239E-14        
0.395352859901       2.0035E-15        
0.078218548881       3.895005E-14      
1.11604861927        3.5647E-13        
0.96104262694        126.016E-15       
1.01169421772        1.6174E-14        
0.3551560369998      8.96E-18          
0.28034866206        1.16E-16          
0.30188789663        1.23E-16          
2.4175822701         1.907E-14         
1.0487048866         1.128E-14         
0.526556139140       3.955E-16         
3.4673015170         7750E-18          
0.355686622097       2.475859E-14      
0.8912645399         8.1E-16           
0.8222487311         4.1E-15           
0.278956721152       4.683E-15         
0.9103               *                 
0.356849312855       9.63E-17          
0.0842016828855      1.37406E-14       
1.124835742767       7.7956E-16        
0.44382460830        6.5E-17           
0.52297708597        *                 
1.2214259588         0.18E-15          
0.364835             *                 
1.36888090921        1.4260E-15        
0.289688895200       1.5429E-15        
0.432866133845       4.0705E-15        
0.46840160422        0.0405E-15        
0.56673415672        1.4338E-14        
0.307177662775       2.716E-15         
1.31975904174        0.7900E-15        
0.00308              *                 
0.8814384311         1.91E-15          
0.55784066031        1.366E-15         
0.30131077523        1.932E-15         
1.52812410566        4.172E-15         
0.43046412386        2.78E-15          
3.44938495332        6.889E-15         
0.27672613726        1.42E-15          
0.39573063893        0.041E-15         
0.104674920844       3.2082E-15        
1.90849449143        7311.8E-18        
0.84398039688        7.12E-15          
0.341212811806       4.5498E-15        
0.506568335296       4.2E-17           
1.27284159978        1.267E-15         
1.00495831813        7.28E-16          
0.24339220040        4.8493E-15        
1.63084630957        0.2016E-15        
0.61291628569        4.2E-16           
*                    *                 
0.29583755345        7.502E-14         
0.5992450364         3.968E-15         
1.7838649877         5.9E-16           
1.20756776526        7.780E-14         
0.709064069786       8.7954E-16        
0.748448416229       4.3248E-16        
0.6442550645         1.0132E-14        
0.37711856263        5.2018E-14        
0.178553799688       6.07E-17          
0.0026056722466      *                 
0.58083988615        1.180E-14         
0.00780              *                 
1.576924632943       2.938E-15         
0.64719774666        2.6E-17           
0.242190323768       5.94E-16          
0.14565471947        8E-19             
0.602738077704       4.047E-15         
0.170933992695       1.0736E-14        
1.262471311613       0.8541E-15        
0.288346763122       1.410892E-14      
0.7375               *                 
0.49777239400        4.7E-17           
0.74965894957        1.7774E-14        
1.42112434544        9.35E-16          
2.06983302           2.318E-11         
0.00709              *                 
0.6740603610         0.188E-15         
0.453394164640       1.951299E-13      
0.0062843113814174   1.900E-20         
0.0024278884863579   2.798E-21         
0.1988               *                 
1.0813282469         1.565E-14         
*                    *                 
0.1252295584025      2.29442E-15       
3.418039313          3.12E-14          
0.97540989108        2.054E-15         
0.5325777412091      6.93702E-16       
0.5181097798008      6.2232E-17        
0.99468068673        1.042E-14         
0.329186857758       3.3012E-16        
0.59457526355        6.04E-15          
1.12234168628        1.86406E-13       
1.16989              *                 
0.2570560976508      1.01916E-15       
0.9572424424         2.0479E-14        
0.1926012327811      5.062326E-15      
0.194454482247       2.1252E-15        
1.2476661740         8.9E-16           
0.860777             *                 
2.559356631          7.2E-16           
0.288456511543       6.2371E-14        
0.81999003685        1.594E-14         
0.86422735995        6.9580E-14        
0.503                *                 
0.283070376692       1.59223E-15       
0.778313192792       3.00939E-15       
0.1419085889640      1.2425E-16        
0.49607711306        2.795E-15         
0.883883             *                 
1.3892               *                 
0.527465874211       4.961E-15         
0.327417572788       1.0194E-15        
0.341402932218       8.40E-17          
6.88                 *                 
1.0136087473         4.75E-15          
0.6580131007         2.56E-16          
0.42181623358258     3.060926E-16      
0.34272279247        2.54E-15          
0.298116357616       0.0249E-15        
1.55791724762        0.509E-15         
0.249608954839       5.01E-16          
1.2794023539         1.296E-14         
1.018392746362       2.2984E-16        
*                    *                 
0.48111885215        1.3625E-14        
0.78646802352        2.615E-15         
1.29687              *                 
1.296850239          1.95E-15          
0.66643792285        5.4E-16           
0.182491659288       5.1658E-15        
0.3545503166464      2.0E-18           
0.4266459810253      3.727E-17         
0.92383371069        1.5736E-15        
0.19268718417        *                 
0.48331051132        3.784E-15         
0.846907             *                 
0.61552045802        0.9347E-15        
0.38237595278        6.32E-16          
0.45750181782        1.9231E-14        
0.65522059567        6.629E-15         
1.206801436397       2.35957E-15       
0.0335               *                 
0.4641               *                 
0.407292274238       1.5851E-16        
0.23169383623        4.94943E-13       
1.5340081422         7.44E-15          
0.57259227192        2.9E-17           
2.47756787384        1.58437E-15       
0.360957675308       3.377E-16         
0.79152571562        1.9993E-15        
0.491384121830       46592E-18         
1.2195938825         1.908E-14         
1.0258308926         2.891E-14         
3.42846630955        1.8129E-14        
0.567080221721       1.64665E-14       
0.069356847          1.351E-13         
0.20355287786        1.9926E-15        
1.023152             *                 
0.1719346524466      1.048790E-14      
1.15636028782        6.7E-17           
1.08401994353        1.303E-14         
0.37192413884        7.68E-16          
0.7314627228         2.57E-15          
0.91693752262        1.5649E-15        
0.457681471040       5.051E-15         
0.26507223569        3.07E-16          
0.73509164794        110E-18           
1.0729678942         1.708E-14         
4.327020261          2.7761E-12        
0.50301500560        1.9556E-15        
1.2764458195155      2.580711E-15      
0.3645903553         1.022E-15         
0.72573215540        4.209E-14         
0.0850721461634      4.16118E-15       
0.1678611451478      4.72489E-15       
0.233164076390       7.992E-16         
0.8712426056         6.1E-17           
0.44872324857        4.148E-15         
2.3552781933         4.43E-16          
0.46033949229        1.6762E-14        
0.35585626277        6.647E-15         
0.3083536            *                 
0.370141128114       8.2788E-15        
0.29392818864        1.7476E-14        
0.45086776633        0.7664E-15        
0.490856730096       3.93E-16          
0.140745806053       1.7305E-15        
0.612330650088       3.641E-15         
0.623678             *                 
0.4396840            *                 
0.35246421320        7.38E-16          
0.35423394051        0.008E-15         
0.3957850            *                 
0.86597096270        1.24E-15          
4.1375385239         1.753E-14         
2.988192686          7.0E-15           
0.1811729            *                 
0.0060006034432179   1.00E-20          
0.55907133302        1.4178E-14        
0.57597141155        2.2287E-14        
0.67768391249        1.096E-15         
0.55124125377        8.8E-18           
0.71763732795        0.066E-15         
1.0468098769         1.488E-14         
1.70915449528        7.602E-14         
0.228564097816       1.50749E-14       
0.81345283358        6.50425E-13       
0.93555704483        1.070E-15         
0.436506697158       6.2026E-15        
0.71083007880        7.6893E-14        
0.352142380018       3.7877E-15        
0.68493649236        *                 
0.507356002674       1.57450E-15       
0.22420119106        0.041E-15         
1.17938703902        0.232E-15         
0.4905065128003      1.19317E-16       
0.5105               *                 
1.5947455499         3.6E-15           
2.594578             *                 
0.67196419932        8.79E-15          
0.52912125685        1.368E-15         
0.20664850874        46.715E-15        
1.2046438889         2.071E-14         
0.43036655800        1.506E-15         
0.77136654042        3.62E-15          
0.252869846841       5.755E-16         
0.1187713928329      3.18790E-15       
0.493091             *                 
0.154027427712       5.9204E-14        
1.16574138660        4.44E-15          
0.8373653018         5.834E-15         
0.69826060054        7.7E-17           
0.77113024025        0.59E-15          
0.5109               *                 
1.12194419355        2.5E-17           
0.5680566269         *                 
0.1178015507206      1.60526E-15       
0.278137287280       5.15041E-14       
0.340502709437       2.650E-15         
0.58755897769        1.5E-17           
0.529115851204       5.7758E-15        
0.2064430480         9.76E-13          
0.178352043293       8.061E-16         
0.51740483467        4.20266E-14       
0.73909894649        3.34E-16          
1.091008429855       4.11E-17          
0.0103775094520      *                 
0.003722             *                 
0.003118             *                 
0.237383081875       3.1833E-14        
1.34789947290        8.283E-15         
0.717508089981       2.9974E-14        
0.1739106            *                 
0.455059775403       2.00902E-14       
0.2509406            *                 
0.12596223249        0.75E-15          
0.387689698034       1.780431E-15      
0.410860719379       8.13E-17          
0.00585              *                 
0.8406799814         1.1E-16           
0.23160332930        1.12753E-13       
0.530075207410       2.099E-15         
1.7856112396         1.70E-15          
0.21231640921        0.129E-15         
10.61065628          8.3E-13           
1.599819             *                 
0.719454779443       3.53059E-15       
0.62963153567        1.854E-15         
0.164949668359       2.37456E-14       
0.58376499689        0.429E-15         
1.0152573918         0.5594E-15        
0.262025692969       3.67E-17          
0.770909760511       39.1E-18          
0.87071155949        4.4E-17           
0.55701875796        4.974E-14         
0.29769219971        6.550E-15         
0.61357070436        1.698E-15         
0.0020210978         *                 
1.74955174610        3.2027E-15        
0.308917678787       1.98E-17          
0.309398365719       1.669E-17         
0.38086979928        1.6061E-14        
0.1271228933094      1.514467E-14      
0.1563993674972      1.81873E-15       
0.973393691872       3.03710E-15       
0.84408066596        4.812E-15         
0.51744320409        8.19E-15          
0.63505597647        1.812E-15         
0.8905339578         2.070E-15         
1.75531107981        1.363E-15         
0.305447058241       0.01758E-15       
1.703739137858       3.15876E-15       
0.91580349720        0.6537E-15        
7.707183007          9.5E-15           
0.0037851238         *                 
0.305037318882       2.7860E-15        
1.01937155664        4.4E-16           
0.61255824122        4.81E-15          
0.41927974137        1.5E-17           
3.0595096022         3.45E-15          
0.54535972           *                 
0.791822441873       1.6759E-16        
0.93916547876        7.35E-16          
1.27394512577        1.3E-16           
1.1015546927         51.15E-15         
0.542935874228       3.66E-17          
1.19343919921        2.00E-15          
1.49785              *                 
0.730133707454       1.2752E-15        
0.60960714201        8.205E-15         
1.1664490044         4.279E-14         
0.3693649            *                 
0.416873770089       3.856E-15         
0.0024392959097964   1.1154E-20        
0.640958200232       6.1770E-16        
0.47438143461        1.71E-16          
0.353293033439       2.5E-17           
1.358307010526       4.71283E-15       
1.49409061528        4.324E-15         
0.560503533065       5.0E-18           
0.283791853785       9.9E-17           
0.7555354095         0.04E-15          
0.57836343922        1.078E-15         
0.2913414710251      5.596E-17         
2.4546091591         1.1143E-14        
0.322908566781       5.193E-16         
0.80430423739        0.11E-15          
0.390327976785       3.78E-16          
0.182135802939       5.23448E-14       
0.227564958458       1.14E-17          
0.215507334229       9.7852E-15        
0.24052386477        2.237763E-13      
2.1235057036         3.3E-15           
0.8043410792712      1.731000E-15      
1.211785094647       6.59829E-16       
6.443                *                 
1.74729348943        1.4300E-14        
1.39640107763        5.0804E-15        
0.3063230254         9.1E-16           
0.23748              *                 
0.2989874273426      4.137877E-15      
0.255426483601       1.0762E-15        
0.8544816637         1.927E-14         
0.318941483436       6.06031E-14       
0.8610674067         3.471E-14         
0.22256110261        0.0712E-15        
0.2307               *                 
0.808546089          0.06E-15          
0.58628740134        3.00E-15          
0.6169790441         6.506E-15         
1.476687             *                 
0.3619213249276      0.29213E-15       
0.581016707860       1.925E-15         
0.89059449625        5.696E-15         
5.7637770030         11.65E-15         
0.26647363743        1.5603E-15        
0.692113246520       4.20320E-15       
0.587566793839       134.9E-18         
1.2257819960         8.6E-15           
11.0062624           1.960E-11         
1.29783683782        2.612E-15         
0.44962              *                 
1.1910239966         1.88E-15          
0.65305397126        6.30985E-15       
0.447857060325       2.2675E-15        
0.58698616319        7.86E-15          
*                    *                 
1.735898235          8E-16             
0.8652353343         7.37E-15          
0.102459245929       9.298454E-14      
0.954158007          0.02E-15          
0.79265922183        *                 
0.286561228631       1.02E-16          
0.0032202231         *                 
0.868804249026       1.10246E-15       
0.46536464559        7.413E-15         
0.89921779930        1.5494E-14        
0.255359660118       1.2793E-15        
0.778149             *                 
0.0925277            *                 
1.6001140423         1.7741E-13        
0.3924514            *                 
0.696278743075       0.0588E-15        
3.824936             5.88E-11          
1.26021405926        0.092E-15         
0.7796281140         1.5E-16           
0.92810750775        4.397E-15         
0.27848105467        3.7688E-14        
2.0721529918         3.01E-15          
0.57374535892        8.76E-16          
0.63031371285        1.7970E-14        
0.31181276456        2.87E-15          
1.03606727254        2.882E-15         
0.55582421598        0.833E-15         
3.901                *                 
0.65629923146        9.8036E-15        
0.68241862653        5.293E-15         
1.1494989184         8.2E-16           
1.08552061541        3.3E-17           
0.39785744656        1.2230E-14        
0.34992850807        1.75E-15          
0.88771864319        3.6831E-15        
0.321793346869       1.957E-16         
1.2893787775         2.621E-14         
3.3785742533         1.61359E-12       
0.0746699205656      1.322167E-14      
0.5484192            *                 
0.59047278772        7.507E-15         
0.4540               *                 
0.189094492501       1.6676E-15        
0.23547520029        3.921E-16         
3.357                *                 
0.477715343692       8.2798E-17        
1.56560114802        5.7980E-15        
1.61566378034        0.740E-15         
0.87426457245        0.593E-15         
0.6204483653468      7.45999E-16       
0.09213212           *                 
0.351124633722       3.27E-17          
1.00403745670        1.6240E-15        
0.404039751280       1.283E-16         
0.00349663378270016  5.542E-21         
0.8219               *                 
0.280423858549       2.518617E-14      
0.477157518356       6.4626E-16        
0.399183351758       4.4647E-15        
0.236173191636       1.08545E-14       
0.2185540958272      3.738E-16         
0.6250339127         0.9E-15           
0.2027219378604      8.0075E-15        
0.76579581473        *                 
0.94823697410        7.25E-15          
1.42199              *                 
1.2217076921         2.110E-14         
1.3091087873         3.51E-15          
0.239919487227       0.4296E-15        
1.257787625          1.99E-15          
1.0324711993         1.500E-14         
2.0623862583         2.30E-14          
0.004791822704       5E-20             
1.46507137487        2.79E-15          
1.3086               *                 
0.12347018           *                 
1.11013244403        1.216751E-12      
0.287431567184       1.440E-15         
0.88277826565        3.33E-15          
1.29309994235        1.10E-15          
*                    *                 
0.3860037238349      1.122656E-15      
0.61553824309        7.2E-17           
0.866342509          2.3E-16           
0.0662928992668      17.2E-20          
0.00812279804607698  2.01844E-20       
1.5384267263         8.85E-15          
0.139460211250       8.482941E-14      
3.2702418032         2.196E-14         
0.09982956           *                 
0.75304798900        1.679E-15         
0.54467054719        28093E-18         
0.82982878524        1.63626E-13       
0.483769998047       1.8180E-16        
0.196543154965       2.80483E-14       
0.33288667881        4.02E-16          
0.126689998553       *                 
2.18400134708        1.30E-15          
0.6279806844         1.2838E-14        
0.323434055969       6.61E-16          
0.871682832986       4.2703E-17        
0.65979414168        2.100E-15         
0.76818455674        1.108E-15         
0.362051962860       1.6485E-15        
1.24591463402        4.10E-15          
0.337593698481       1.504456E-14      
0.561778329077       3.624E-15         
1.011233535          0.4E-15           
0.839394324968       4.2100E-16        
0.61252373999        1.051E-15         
0.541285680730       16.2E-18          
1.169340685          2.27941E-12       
0.7828869765         6.32E-16          
0.4193349661853      1.214735E-15      
0.35096322944        2.608E-14         
0.999245             *                 
2.64222343904        3.43E-15          
1.59241948019        1.4921E-14        
6.4450360861         2.999E-14         
0.50280278290        1.57E-15          
0.76867227339        3.7334E-14        
0.45043236999        1.38756E-13       
0.81627308018        2.251E-15         
0.397584746441       6.1214E-15        
1.39179              *                 
1.97884743163        8.559E-15         
0.34959099098        3.153E-15         
0.627715518484       4624.3E-18        
0.4433980218         8.1861E-14        
0.54949769829        3.0E-16           
0.768498945480       7.94911E-16       
0.73037251102        8.9E-17           
0.234169035616       0.15640E-15       
1.215697613611       8.17E-17          
1.81846119286        0.24E-15          
0.322882431774       7.87980E-15       
0.11436793182        1.140145E-14      
0.239317178406       2.1781E-15        
0.52944098843        1.85836E-14       
0.87756123714        1.97E-16          
0.341772476799       2.0E-17           
0.154087174313       2.14651E-14       
0.803050264794       1.451320E-15      
1.69265634040        1.851E-15         
0.60688662425        4.66124E-13       
0.515000656402       3.8978E-15        
2.043082458401       2.27471E-15       
3.90450636119        1.6260E-14        
0.41370012084        1.6983E-14        
0.346796929142       8.1E-17           
0.89295866978        1.48E-16          
1.3607376877         1.841E-15         
0.223557828541       6.342E-16         
1.89374869377        8.99E-15          
0.875137             *                 
0.512211401067       1.9313E-15        
1.0163491951         8.2E-17           
0.412401047219       3.38E-17          
0.44464510677        1.5562E-15        
1.47363              *                 
0.405336948592       4.7752E-16        
1.24250830909        4.72E-16          
2.41457551997        1.207753E-13      
0.193105399932       1.05675E-14       
0.569980             *                 
0.3061669878595      7.834E-16         
0.004074545941439190 8.93471E-21       
1.757205868816       2.3767E-15        
1.68350668862        8.327E-16         
1.06606087128        2.1224E-14        
0.3556658488         0.19E-15          
1.045406855598       6.31E-16          
1.160592538166       2.857E-15         
3.763733080          1.756E-11         
0.982                *                 
0.1873794            *                 
0.367432451482       1.067103E-14      
0.6983528638         2.426E-15         
3.46503778264        4.919E-15         
1.0581481703         1.047E-15         
0.48752760873        *                 
1.478480373          1.27E-14          
1.0771014910         1.34311E-12       
0.945224316          12.5E-15          
0.1995413598713      6.56093E-15       
1.5787928888         0.43E-15          
0.500254454491       13.2412E-15       
2.7800791979         2.37E-15          
0.052152855          1.5557E-13        
0.0988139764825      6.132329E-14      
0.00164560961317979  1.31367E-20       
0.3941333466126      1.212692E-15      
0.2886027917197      3.9933E-16        
0.016760127219257    -3.2913E-19       
0.006226932720487    -5.983E-20        
0.013495820403909    5.8677E-19        
0.016264003411125    3.124E-19         
0.003793629114948    -1.055E-20        
0.442838499130       1.1131E-16        
0.00578804           *                 
0.00511971           *                 
0.00508691           *                 
0.00139595482        0E-19             
0.00330434           *                 
0.00444803           *                 
0.00496515           *                 
0.02122838           *                 
0.0084360953044      -6.06E-19         
0.00471398           *                 
0.00554014           *                 
0.02167187           *                 
0.00492589           *                 
0.00296965           *                 
0.00224470           *                 
0.002812             *                 
0.00502854           *                 
0.00611664           *                 
0.00708491           *                 
0.00328914           *                 
0.00299926           *                 
0.00246259           *                 
0.3827347            *                 
2.31165              *                 
0.87448588170        2.4236E-15        
1.33538779057        1.72E-15          
0.609873648673       7.87067E-15       
0.445822307          0.59E-15          
1.3323097198         2.12E-15          
1.90881              *                 
5.639047079          7.9E-15           
0.712794036774       1.0797E-14        
0.89937672140        2.64E-16          
1.3005131462         5780E-18         1
0.910362984150       1.9652E-16        
0.68401360292        3.81E-17          
0.1116008373133      5.661E-18         
0.006074542086503    1.92E-20          
0.02656867837497     -9.96E-19         
0.005139936774902    4.928E-19         
0.39483578357        2.645E-15         
0.54822710380        8.830E-15         
0.742352395470       1.2911E-15        
0.409050865044       0.6427E-15        
0.1910366935341      6.1773E-16        
0.56255763553        8.12913E-15       
0.64022949952        3.468E-15         
0.405454             *                 
0.0629548889725      2.02E-18          
0.52833640936        1.411502E-14      
0.666804             *                 
2.0902480768         0.83E-15          
1.3204904144         4.428E-15         
0.361690595821       5.712E-16         
0.392703893399       7.816E-16         
2.39139679486        1.5641E-15        
0.190709642575       0.7809E-15        
0.73374443871        6.86E-16          
0.322231178915       4.4217E-15        
0.31519598238        *                 
1.1759678772         9.0193E-14        
1.00451255339        3.12081E-14       
0.233540625445       1.12061E-14       
0.43087215605        12280E-18         
0.26195467832        1.4E-17           
0.959466             *                 
0.744                *                 
0.40498030096        5.2691E-14        
0.6704799625529      2.84740E-16       
0.855986             *                 
0.72451374873        1.238E-15         
0.1794               *                 
0.1853101015788      7.820E-16         
0.23410579125        1.30048E-14       
0.01768721477177     0.21E-18          
0.69255157815        1.692E-14         
0.430278250497       9.56E-16          
2.1072633712         1.55E-15          
1.20289346322        5.17E-15          
0.76670638621        9.4E-17           
0.94725581104        7.2E-16           
2.5122628118         15.74E-15         
0.79845156695        2.55E-16          
0.73150547250        3.07E-15          
0.254720352269       9.34E-17          
2.8433888097         1.857E-14         
0.460974127869       1.087242E-14      
0.81071772906        1.0744E-14        
0.55888867754        3.762E-15         
1.457739             *                 
0.95654854873        9.9592E-14        
0.574400267809       4.62847E-15       
1.07895331831        3.769E-15         
0.78318548958        11.537E-15        
1.7992724923         5.5E-16           
1.03082              *                 
0.578364             *                 
0.92149067377        3.3101E-15        
0.0071756146066706   -5.1310E-19       
0.02896158773099     2.1910E-18        
0.00373869966067     -6.5E-20          
0.004226532003547    6.9E-21           
0.0036250967171671   0.530E-20         
2.5504982104         1.8E-16           
1.10872484960        7.03E-16          
0.4381131572         1.6E-17           
0.375296924221       1.59982E-14       
0.4158270895435      1.1293023E-13     
0.124924206569       1.279057E-13      
1.081908474227       3.29310E-15       
1.3856036231         4.0E-16           
0.554261603931       2.109E-15         
0.6643               *                 
1.681                *                 
0.51467137652        5.64E-16          
0.56900709018        8.562E-15         
2.461051995          1.32E-15          
0.536595822673       1.7714E-15        
2.86433773648        1.517E-14         
0.443648922251       3.297E-16         
0.13366692025028     1.34359375E-13    
0.106332094095       1.951385E-14      
0.007101             *                 
0.004397             *                 
0.005840             *                 
0.633411983159       0.3372E-15        
0.02310085528430     4.671E-19         
0.57051063348        1.43E-16          
1.273011             *                 
0.2187115654904      9.99455E-16       
0.454650713078       9.690E-16         
1.1812692298         2.7E-16           
0.40576948790        8.394E-15         
0.357806774953       1.7555E-15        
0.661401759025       5.8E-18           
0.4283409894         0.474E-15         
0.484286459778       0.05725E-15       
0.522618385775       1.40877E-15       
0.66830920992        8.62E-16          
0.8797908756         1.7E-17           
0.481789349          1.214E-13         
0.7989               *                 
0.464300493199       0.1294E-15        
0.16372737166367     2.87993E-17       
2.76419486975        4.994E-15         
0.827776461518       1.217251E-14      
0.425115             *                 
0.876044286677       1.24020E-15       
0.596993202504       7.725E-16         
0.544549207067       2.6671E-15        
0.24103454795        1.2E-17           
7.55592              5.49E-10          
0.918410326286       1.707608E-14      
2.45788177758        6.5818E-14        
0.364912241765       7.0494E-15        
0.7449764016         2.29E-15          
0.313885674748       1.521E-16         
0.895285284345       5.240E-15         
1.12448108944        1.0575E-14        
0.082746885746       2.553546E-14      
5.540742829          2.8281E-12        
0.43481138633        7.28E-15          
0.702413629135       3.82187E-15       
0.146788548116       3.44207E-14       
0.8603878390         1.2E-16           
0.217213500357       2.387E-17         
0.153716278369       5.2E-17           
0.26104931796        3.83E-16          
0.92494482303        1.608E-15         
0.46171267661        2.692E-15         
2.6238585620         0.8E-15           
0.39138510099        120E-18           
0.55746361200        6.315E-15         
0.06466700           4.40E-14          
0.415812941402       2.972E-16         
1.4327041968         2.254E-15         
0.793902802035       3.59963E-15       
1.20537444137        1.9077E-14        
0.538340543302       9.8245E-16        
0.43099098078        3.774E-14         
1.22335230807        2.3893E-14        
0.315835048197       1.775E-16         
0.236983307439       0.3156E-15        
0.58747677594        0.6602E-15        
0.048072246759       1.75637E-14       
0.0446993053         1.2655E-13        
0.3364246764         0.021E-15         
0.426466240565       2.081E-15         
0.328514216183       4.78E-17          
0.931089084936       2.54871E-15       
1.01421948495        0.884E-15         
1.37786849563        2.92E-16          
0.751261115038       1.66038E-15       
0.95746393536        6.333E-15         
3.975905188          7.447E-13         
0.1984357331818      7.785293E-14      
1.24992353738        3.630E-14         
0.426802             *                 
0.2176426911444      6.48032E-15       
0.594499815819       1.3261E-15        
0.78231335990        7.2621E-15        
0.592885130439       6.6411E-17        
0.2179228818474      0.00193E-15       
0.438095346909       -2.3E-18          
0.224603837185       1.4313E-15        
2.0468376289         0.36E-15          
0.62547              *                 
0.38701692095        2.0465E-15        
0.38448678392        5.802E-16         
0.8385               *                 
0.54479952470        3.824E-15         
0.2914894606391      2.035737E-15      
0.28137130037        6.15E-15          
0.9396900396         4.11E-15          
0.55113377674        9.676E-15         
0.952708902877       0.7062E-15        
0.852047483505       3.1302E-15        
0.301489849278       1.3209E-15        
0.29416251457        0.566E-15         
1.38813712856        7.61E-16          
1.060363543971       0.3592E-15        
1.51569599263        6.0E-16           
1.7884904528         2.59E-15          
4.2631640329         5.75171E-13       
0.226538990075       7.9E-18           
2.352135             *                 
0.39352163764        3.455E-15         
0.598075929665       6.33137E-15       
0.337320795791       9.323E-16         
0.921459731325       4.49522E-15       
0.333242850831       3.79072E-14       
0.3099045934277      9.3609E-17        
0.03378133193189     2.900E-20         
0.414111049843       3.72E-17          
0.90231562918        2.53E-15          
1.6560095697         8.945E-13         
1.91513066964        5.373E-15         
1.366682059422       0.8714E-15        
1.261787             *                 
1.362817392033       1.7472E-15        
0.97470037336        3.55E-16          
1.78703680542        2.346E-15         
2.0710402725         8.476E-14         
0.214771109789       9.0689E-16        
8.43772106           2.1E-14           
0.8311557274         1.885E-15         
1.874268518252       1.35439E-15       
0.456511944952       4.5864E-16        
0.759777464363       1.13147E-15       
0.7529065430494      2.26734E-16       
1.8465342015         3.652E-14         
0.61710720555        9.60E-15          
1.62540547240        4.52E-15          
1.63679245172        2.8E-16           
0.0054400041632727   3.3750E-18        
0.3785964921974      2.99E-17          
0.4059359629899      2.240E-16         
0.003020060260978    *                 
0.004394             *                 
0.004850             *                 
0.284054344967       2.92704E-15       
2.49946826743        3.911E-15         
0.435759033311       3.55447E-15       
0.362492078224       5.3793E-15        
1.39659854604        607E-18           
0.359394162457       3.923E-16         
0.41222995857        7.58E-16          
0.189334989945       5.23126E-15       
1.16174310971        3.01E-16          
1.50587455169        1.740E-15         
0.0030543155922712   1.618836E-18      
0.006547             *                 
0.004159             *                 
0.079832             *                 
0.00542              *                 
0.002451             *                 
0.004629             *                 
0.004461             *                 
0.223320267185       0.44016E-15       
0.778949400076       8.7616E-16        
0.769005855083       5.25018E-14       
1.9258717727         1900E-18         6
0.279186875177       2.267839E-14      
2.382                *                 
1.2712               *                 
2.093136309720       4.91034E-15       
0.110223702460       1.2145061E-13     
0.1014867942076      7.5251738E-14     
0.770620171033       8.7841E-15        
0.382072812116       1.085E-15         
0.270502039371       1.5446E-15        
0.512547817784       7.227E-15         
0.2457571181423      1.002318E-15      
0.49918661036        4.53351E-14       
0.269414732063       1.4595E-15        
0.00363              *                 
0.1531969792414      6.1339E-16        
0.246327587410       2.07007E-14       
0.072051632709       1.480952E-14      
0.86033211599        9.95E-16          
0.741639520385       0.7286E-15        
0.514523069504       1.2668E-15        
0.199147397053       5.249E-16         
0.318400873408       4.789E-15         
0.82916602078        -5E-18            
0.307132975823       5.55174E-15       
0.34569803402        2.37E-16          
0.457535874029       6.3181E-15        
0.245260             *                 
0.405043321630       6.002513E-14      
6.2215526663         4.775E-14         
0.74718766820        1.714E-15         
0.77149252038        7.6E-17           
0.612132963973       3.091E-16         
0.0672668461152      8.32385E-15       
2.8579410013         5.5E-15           
2.1656793503         2.99E-15          
0.507945195243       1.0947E-15        
0.533917296          1.51E-15          
0.74429541939        3.7089E-14        
0.64729271838        6.38793E-14       
0.0027191120623197   8.62E-21          
0.330354089443       4.20203E-15       
0.199300             *                 
0.291930632181       2754.8E-18        
0.68670444412        4.15653E-14       
1.5215451697         1.28E-15          
0.48345888008        1.235E-14         
0.0852842512617      9.170719E-15      
7.5654084            3.4E-12           
0.06188365001063     2.02014996E-13    
0.63364029817        5.27E-16          
1.8894355004         2.7E-16           
0.329531922488       4.486E-16         
0.2901081932010      7.1947E-17        
0.48791359170        1.828E-15         
0.31731488279        6.0E-16           
0.51297990872        5.820E-14         
0.788353566535       3.24702E-14       
0.4911415563         9.96E-15          
2.4823018            7.96E-12          
0.5123273            *                 
1.172719             *                 
0.610258781957       6.7E-18           
0.358306049291       4.69E-17          
1.46565577133        1.931E-15         
0.84186451859        3.058E-15         
1.08774918841        4.7E-16           
0.305830097712       4.045598E-14      
0.8591920352         2.139E-14         
0.235248924972       11.84E-18         
0.62173399423        969E-18           
0.145346822521       4.390E-15         
0.37953610601        4.3E-17           
0.302449584070       5.91866E-15       
0.1659069781495      2.0610608E-14     
0.67048566238        1.740E-15         
0.003889             *                 
0.354236507718       1.66095E-15       
0.45724503044        1.3019E-15        
0.56271073614        1.179902E-14      
0.4961931            *                 
0.1787563517731      1.0366E-15        
0.003232273969155    -4.8E-22          
0.173263836028       1.5016E-15        
0.617036695541       1.68451E-15       
0.47351252978        3.8E-17           
0.201062574029       3.3048E-15        
0.09629420774        45.1724E-15       
1.90580870607        7.7204E-16        
1.099                *                 
1.96353198352        6.200E-15         
1.87601852435        3.651E-14         
0.618357697387       5.4950E-15        
0.1832948            *                 
0.4444257246169      5.46E-18          
0.38083077683        1.15660E-13       
0.1457077402         4.7179E-13        
0.235303200419       3.3429E-14        
0.92717774151        7.7E-17           
0.070498243969       4.925E-14         
1.21835359632        3.080E-15         
1.90196739931        2.677E-15         
0.48824200896        0.04E-15          
0.93326558076        5.944E-15         
1.26679012424        4763E-18          
0.238777817900       1.2520E-14        
2.67568226451        4760E-18          
0.520939679547       7.694E-15         
0.149460655762       8.096E-16         
0.58531903782        3.308E-15         
0.48491367908        1.32E-16          
0.449548149848       3.638E-15         
0.418968843399       2.6033E-14        
1.91142802251        4.947E-15         
0.54916053388        2.613E-14         
0.79747807530        8.294E-15         
0.4223               *                 
0.85936846681        9.602E-15         
1.8933526999         23.03E-15         
0.4378690017         0.10E-15          
0.955672135909       2.3510E-15        
1.096439972228       2.4151E-15        
5.3093766847         2.37E-14          
0.94096161661        6.409E-15         
0.754470427192       3.1972E-15        
6.5975626227         6.33E-15          
1.6528618528869      1.494818E-15      
0.663321097981       1.80768E-14       
1.6576564582         3.35E-16          
0.204068115056       5.7872E-14        
0.1861488579563      6.392881E-15      
11.7889784           4.092E-11         
0.91291419632        3.475E-14         
0.44574893108        2.33724E-13       
0.381319294128       1.090344E-15      
1.3345572305         6.4E-16           
0.3536025329         0.16E-15          
1.05422825038        6.722E-15         
3.08825579295        2.9591E-14        
0.40491964372        4.518E-15         
0.233326206679       8.115E-16         
1.839944315159       5.0876E-16        
0.526682241575       2.19366E-14       
0.56447537999        2.2E-17           
0.313016401038       7.60E-17          
1.25546857429        194E-18           
0.344642757467       1.04931E-14       
0.47160357893        2.29E-16          
0.88033048188        7.792E-15         
0.78259846861        2.49E-16          
0.66987238665        2.468E-15         
2.02752438872        1.444E-14         
0.132313618371       1.040E-15         
0.78193369973        2.39E-15          
0.75496337007        8.54E-16          
0.671613828819       3892.3E-18        
0.191614063108       2.1402E-15        
0.475392526561       13.3038E-15       
0.536413665506       1.7359E-14        
0.0018456663232093   0.9554E-20        
0.0054713308755095   6.209E-21         
0.583550377362       7.1999E-15        
3.4065386707         1.04E-15          
0.460503             *                 
0.64109785122        6.078E-15         
0.507722322118       1.674044E-14      
0.272963             *                 
6.97127              *                 
1.19863027492        7809E-18          
0.52504914274        1.0235E-14        
0.112854649905       1.547031E-13      
0.991026616395       3.914538E-15      
0.26944332141        6.80E-16          
0.33516252825        6.2E-17           
0.255699268086       9.70552E-15       
0.37546337852        1.8723E-15        
0.2076357201         8.86E-15          
0.4867507986         1.1326E-14        
1.09234815284        1.343E-14         
1.42165378409        5.46E-16          
0.34052764699        4.491E-15         
0.104694545163       3.666E-16         
0.634354346767       9.353E-15         
0.2062199811321      2.00552E-15       
2.61891846726        9.723E-15         
0.434372879784       1.1226E-14        
4.4767225398         160.587E-15       
0.32657128834        7.107450E-12      
0.350109572852       1.2616E-15        
0.861379642641       5.187E-15         
0.2255514533         9.93E-15          
2.273                *                 
4.8788385261         6.06E-15          
6.7070457241         1.2749E-12        
0.59779223719        5.16968E-14       
0.25924664288        5.9E-18           
0.95799116473        1.0933E-14        
0.340832130441       2.83E-17          
0.778164353310       4.645E-15         
0.53762373255        1.610E-15         
0.27455668472        1.35E-15          
0.65943205053        5.25182E-15       
0.191442663494       0.0673E-15        
1.6371290072         8.863E-15         
0.225004475404       2.871E-16         
2.21860264699        3.736E-15         
0.5059567391         8.7516E-15        
0.32866472679        2.721E-16         
1.31221843801        1.434E-15         
0.75473              *                 
0.41438335440        0.4405E-15        
0.297769547307       1.409E-17         
4.30818959857        2.328195E-14      
0.038518943432       1.4224E-14        
0.67248060717        1.114E-14         
0.54215548135        2.797E-14         
0.66840782878        2.2030E-14        
0.761194081655       2.15864E-14       
0.95338418817        5.3889E-14        
1.451319471078       4.623982E-14      
0.27564149867101     0.152582E-15      
2.1914979680         4.32E-15          
0.1666339242514      39.1017E-15       
1.08184378189        3.59E-16          
0.73418485978        1.263E-15         
0.290716217162       0.0914E-15        
0.3455818980725      1.492424E-15      
1.383965             *                 
0.518721435025       4.7386E-15        
1.40906524128        8.7E-16           
0.95318168518        2.483E-15         
0.90697686069        1.36705E-13       
0.344018308374       2.1844E-15        
0.43519385185        7.963E-15         
0.284697472498       1.089018E-15      
1.20530328456        1.15199E-14       
0.467894113075       5.679E-15         
0.95775094505        1.4034E-14        
2.18019517754        9.69549E-14       
11.55871346          0.0E-13           
0.104912611147       8.68E-18          
0.45147285265        1.757E-15         
0.42897892562        5.149E-15         
1.3261485670         1.0E-16           
0.52415088472        1.464E-14         
0.3363371316200      8.7706E-17        
0.1014357461981      5.5745E-15        
0.397881893633       3.35381E-14       
0.27557759958        2.139E-14         
0.58553              *                 
0.90513735425        1.28061E-15       
0.12640033324309     6.124816E-16      
1.048132105087       1.548E-15         
3.9146579157         5.13E-15          
0.76733              *                 
4.5578200962         145.125E-15       
1.3664496471         1.85E-15          
0.628540823296       0.0551E-15        
0.573196989078       6.3887E-16        
1.146594847118       4.16118E-15       
3.4532               4.52E-15          
0.2468167699732      0.06466E-15       
1.63356517930        6.971E-15         
0.84534757461        1.8110E-14        
1.6781063295         9.3E-16           
1.39348448168        267.207E-15       
0.258684648071       7.516E-16         
0.34540115992        2.40E-16          
0.620217115135       1.222E-15         
0.26743960987        2.083598E-13      
0.08090668906        62.117E-15        
0.42025215518        3.7E-17           
0.370483417429       1.6975E-15        
7.05520287           2.98E-14          
0.356928998022       5.459E-17         
0.139760064515       3.11674E-14       
0.63098305833        1.4034E-14        
0.415823055263       4.027190E-14      
0.77267804332        2.6489E-15        
0.349951177522       6.9311E-15        
0.502923870516       4.7374E-15        
3.6872190477         1.055E-14         
0.19765              *                 
0.7458280320         4.61E-15          
4.6932329333         2.432E-14         
0.86744387855        0.1025E-15        
0.256843797950       2.0401E-15        
0.551058591          5.06E-15          
0.559634             *                 
1.04431270179        2.551E-14         
0.508561079708       1.5895E-15        
0.933971582308       3.9255E-15        
1.393617             *                 
0.385194094862       1.421E-16         
0.37426157516        5.705E-15         
0.312314406456       3.2304E-15        
0.389869101178       5.125E-15         
1.424                *                 
0.6122092044383      2.04534E-16       
0.602227             *                 
1.2791931935         1.86E-15          
0.777662             *                 
0.318817259335       3.241E-15         
0.2882191593441      2.357457E-15      
0.88524028123        23.034E-15        
1.2996934495         4.6E-16           
0.355725186569       2.292E-15         
0.80169309688        2.57E-15          
0.63658447822        5.2E-16           
0.65545023949        7.4593E-15        
0.55475646483        1.2741E-14        
2.6630796830         1.316E-13         
0.6905763581         8.67E-15          
0.87704381015        15.6817E-15       
0.61475669408        3.110E-14         
4.6003689902         25.338E-15        
0.83200194892        1.8E-17           
0.64399866351        2.2872E-15        
1.781927762343       1.63829E-15       
1.8308574530         1.31E-16          
1.95685759005        8.23E-16          
0.41532              *                 
1.22377745359        2.41E-15          
1.5246721060         2.00E-15          
0.7465773564336      1.2875167E-14     
0.673503316930       7.7127E-15        
0.4878126283         2.10E-16          
0.7868               *                 
0.00360              *                 
0.729305838214       4.0343E-15        
0.301458774079       6.791E-16         
1.15139              *                 
0.374117028251       1.92039E-14       
0.43188708466        3.4014E-15        
0.79123225301        10.595E-15        
0.88732464056        1.330E-15         
0.35715482026        3.6899E-14        
0.65118538418        4.45E-16          
0.1395246665887      1.1805E-16        
0.379387161967       8.898E-16         
0.006092367929630    5.7E-21           
0.2089583321216      0.410898E-15      
0.263344725870       1.7317E-14        
1.85656971650        2.76E-16          
0.750808122380       7.4236E-16        
1.541                *                 
0.643181259558       3.05164E-15       
0.0037844047882356   4.9052E-21        
0.441209731966       1.1123E-15        
0.989706023196       135.232E-15       
0.64804005430        4.9416E-15        
0.2182529126846      3.49853E-15       
1.043361628655       1.1461E-14        
0.397589683040       5.2152E-15        
0.2672750082591      2.135599E-15      
1.28656437956        1.52E-16          
0.1115241364978      3.587895E-14      
1.53651              *                 
0.77534458995        1.32E-16          
1.01909277135        2.054E-16         
0.351879439822       1.135E-15         
0.61876063644        0.2230E-15        
0.240153263208       8.222E-15         
0.16868              *                 
1.1384027132         3.15E-15          
0.106632746266       8.68208E-14       
0.323648024490       452.1551E-15      
0.363676330005       1.8416E-14        
0.574697951954       6.71E-16          
1.52704227084        5.5446E-15        
0.2261071099878      9.42955E-14       
5.198346             9.2E-11           
1.42016034143        1.5979E-13        
0.82709737059        1.948E-15         
0.63223532885        3.084E-15         
1.235757452781       5.40707E-16       
0.8467928462         9.8E-16           
0.29102078676        2.5856E-15        
0.212352673319       8.2459E-16        
0.512110722994       1.9872E-15        
0.185397243919       2.3865E-15        
0.336554651762       3.48712E-14       
0.83026988471        9.8E-17           
0.377578026          0.017E-15         
1.01694836198        5.51856E-15       
0.989831207210       5.52533E-15       
0.75599276085        2.058E-14         
0.741761952452       3.2239E-15        
0.23716129322        151.920E-15       
0.222949273318       3.5805E-14        
0.2836413311242      2.63972E-15       
0.448945466859       0.07250E-15       
0.9961077952         2.19E-16          
0.54245109601        9.7E-17           
1.3606029280         1.8E-16           
0.337854845269       2.623E-16         
0.504604607817       2.18734E-15       
2.33026282052        4.4711E-15        
0.308047946620       7.305E-16         
0.45286735393        1.92E-15          
2.7124228384         6.122E-15         
0.325415321974       8.3062E-15        
0.53147              *                 
1.441741592612       8.22973E-15       
0.008357798500844    -7.9041E-19       
0.0052773269323093   2.16E-21          
0.009035285247765    9.6431E-19        
0.004571765939750    -4.3435E-19       
6.94                 *                 
0.005384325706188    -2.0E-21          
0.27371              *                 
0.19089              *                 
0.0046259625397749   1.6927E-20        
0.46040581878        1.31E-17          
0.409349485862       1.57620E-14       
2.232969028273       1.017751E-14      
0.62197624506        2.25E-16          
0.825935803096       4.06801E-15       
1.61612987171        2.78904E-13       
0.00503              *                 
1.25718110369        2.829E-15         
0.134409003575       4.5696E-15        
0.163245785775       1.76167E-14       
1.24196459936        4.32E-16          
0.83714819649        1.6737E-14        
0.03590861279827     3.36768E-15       
0.190067107649       0.19546E-15       
0.92391              *                 
0.30606864497        5.016E-15         
0.92339055858        8.6799E-15        
0.5214727140817      8.03532E-16       
0.851078948902       1.3792E-15        
0.457526573507       1.0181E-15        
0.69381120574        3.3E-17           
0.01851182255144     3.1E-20           
0.440048             *                 
0.60099749634        6.555E-16         
0.3173062332319      2.9898E-16        
1.54270444942        3.306E-15         
2.05831378861        0.139E-15         
0.34277679653        1.571E-15         
0.404547474466       1.525610E-14      
2.1770               *                 
0.17365              *                 
0.10004              *                 
0.297494121670       4.89E-17          
1.616231495126       4.0550E-16        
0.54175211381        10.708E-15        
0.439995272067       2.9009E-15        
2.1827459895         1.31E-14          
0.2702544395645      2.518463E-15      
1.6183389208         6.8E-16           
0.62896972129        3.4E-17           
0.227387488792       23.4516E-15       
0.28184240740        3.6491E-15        
2.129665364024       17.4935E-15       
0.194630982798       7.19782E-15       
0.334725226760       0.324E-15         
0.425897254225       2.86494E-15       
0.798692542358       8.653E-16         
0.85674              *                 
1.18102329730        2.123644E-13      
0.37088299877        2.543E-15         
1.27226037471        7.66978E-15       
1.60398355528        5.89E-16          
0.571399860595       3.78771E-15       
0.562789986697       0.2161E-15        
2.081343459724       1.7050E-15        
1.038                *                 
2.21580173889        6.48E-15          
0.50988582045        1.56E-16          
0.785521849527       3.436E-17         
0.2106484121028      5.3633E-15        
0.618182590832       5.60066E-15       
0.1435756814094      0.98036E-15       
0.93643              *                 
0.821035080573       8.9551E-16        
0.76068138902        5.0E-17           
1.3373021601895      1.348207E-15      
0.595201             *                 
0.56207429041        0.0257E-15        
0.2361708772317      13.38394E-15      
1.172763402020       6.4875E-16        
1.07792434298        8.1803E-15        
0.529623             *                 
0.547209201831       4.3E-17           
0.00378815551961303  9.42E-21          
0.37509              *                 
2.9351864592         364.212E-15       
0.1580429177826      2.56384E-15       
0.75843              *                 
0.237790138          2.09E-15          
3.8858               *                 
0.0756589884532      10.46782E-15      
1.916353             *                 
1.074078173597       2.45892E-15       
0.318062050971       0.375E-15         
4.86428379983        3.6440E-14        
1.324921971385       2.1948E-16        
0.3083               *                 
0.57982281497        1.79944E-14       
1.34601218493        1.43E-15          
0.2990717782966      3.50084E-15       
0.290305256197       6.35E-17          
0.482766273821       1.16E-16          
0.298313497249       2.2430E-15        
1.431066414236       7.71E-16          
1.01073895346        0.210E-15         
0.403                *                 
0.0687304058253      13.190700E-15     
0.817329808312       6.3495E-15        
1.166900             *                 
0.86692667139        3.66E-15          
0.529681             *                 
1.22047000453        2.36E-15          
0.3392154            *                 
0.2578319398983      2.55530E-15       
0.723598503258       2.1386E-15        
1.456004             *                 
0.76003196831        3.661E-15         
0.42571              *                 
1.6096903            *                 
0.136855046957       7.5057E-13        
1.77922557495        6.328E-15         
0.314355396469       5.0148E-15        
0.501123112694       0.1008E-15        
0.582126             *                 
0.226517635038       1.157426E-15      
0.04182              *                 
0.208214903876       9.31735E-14       
0.268217402985       4.21706E-15       
0.14446976514        5.75717E-14       
0.57142031970        2.84E-16          
0.437454407217       0.2183E-15        
0.928323751417       3.182E-16         
0.81369030283        8.1098E-15        
0.23099              *                 
0.17843152366        130.699E-15       
1.93990              *                 
0.3587384107696      6.0025237E-15     
0.654408146583       3.78E-16          
0.080118133455       60.7579E-15       
3.24498              *                 
0.568387             *                 
0.96733836953        4.039E-15         
1.39088              *                 
0.642932             *                 
0.2401               *                 
2.8727736506         5.6E-15           
0.20098020244218     6.429167E-16      
1.65742878336        3.4811E-15        
1.121561892          5.68E-15          
2.90251              *                 
0.68708185664        3.399E-15         
0.1661155731566      42.4423E-15       
2.31                 *                 
0.00155780656108493  10.51065E-20      
0.6453024694         1.8271E-14        
0.022260606          *                 
0.258911996567       12.71254E-15      
0.546824157964       76.7965E-15       
1.855276             *                 
1.40473              *                 
0.217317451828       1.913E-16         
0.90539388830        9.962E-16         
0.559084099229       1.2387E-15        
2.30615269700        160.8349E-15      
0.4028579088754      9.561486E-16      
0.840887             *                 
0.69626221476        1.01E-16          
0.2035682            *                 
0.446226281658       4.659E-16         
0.9724288509136      1.655686E-15      
0.0051852019041260   1.713E-20         
0.409135             *                 
0.841157774341       9.8619E-16        
1.9968990135         7.3E-16           
0.003617993078111    7.5E-21           
1.045632444772       5.3466E-16        
1.0739               *                 
1.06870769134        2.42E-16          
0.491865489484       1.9866E-15        
2.28244              *                 
0.4406184769108      2.4092E-17        
1.33444985809        8.89E-16          
4.729                *                 
0.51516705131        5.641E-15         
0.4350602546         2.197E-14         
0.959447931541       1.488340E-15      
0.00317013917885772  3.118E-21         
0.002710             *                 
1.48074382424        4.78E-16          
1.110944             *                 
0.157508542541       0.5226E-15        
1.798069             *                 
0.18094              *                 
0.5283521633015      13.57843E-15      
0.1966268136138      9.02244E-15       
0.717311174076       7.06120E-15       
1.31937338530        0.1231E-15        
0.957616630291       3.270565E-15      
0.455934             *                 
5.0940830275         3.031E-15         
0.275025682520       1.2815E-16        
0.0395311928548      5.844803E-15      
0.8518902768         2.865E-15         
1.33396499366        1.773E-15         
0.008565431          *                 
0.1934045707829      1.05616E-15       
0.0927090547         2.1163E-14        
0.4266767865302      1.711E-18         
1.386961             *                 
0.0048727658629793   9.12E-21          
0.5189379874091      1.372366E-15      
5.01248              *                 
0.303910924347       2.199E-16         
0.2600144            *                 
0.003961655342404    2.744E-20         
0.3076828651978      3.10989E-15       
0.3748062242         7.08E-15          
0.29038924475        2.12038E-13       
0.40608118100        0.036E-15         
0.719161             *                 
0.27649748362        2.25E-16          
0.421794             *                 
0.6967605102         1.05139E-13       
0.9050668203089      1.738783E-15      
0.66587861963        0.0567E-15        
2.11126473382        7.45504E-14       
0.24095264193        206.825E-15       
2.27966105858        2.56626E-14       
0.615033894871       0.2808E-15        
0.30794290464        2.99E-15          
0.580871337031       4.601E-17         
0.16369523645        24.872E-15        
0.32572436605        1.37E-16          
0.4587348258074      0.33244E-15       
4.634                *                 
0.024497388545933    9.611E-19         
0.60820531457        15.604E-15        
0.58919550332        5.395E-15         
1.43836860189        1.468E-15         
0.00522327101650568  4.8244E-21        
0.5653693451984      0.09072E-15       
1.44244752060        3.616E-15         
0.931733093470       1.7857E-15        
0.54400187061        5.475E-16         
0.5801872690010      6.007E-16         
0.2760276934460      0.15194E-15       
0.2301936138595      8.851045E-15      
2.3032990816         5.1E-16           
0.537143086032       0.99555E-15       
0.1667491790418      1.35985E-15       
0.403619             *                 
0.5579534804225      1.481058E-16      
0.3876640866385      1.83649E-15       
0.103740952074       9.57209E-14       
0.26531766093        5.4682E-14        
0.3434021577860      1.894195E-15      
0.048578779636       8.61E-14          
0.529196917808       3.06337E-15       
0.372619054536       2.512052E-15      
1.262                *                 
0.398173021652       2.028E-16         
1.099651368044       3.094E-16         
0.515229             *                 
0.1767074151138      4.85753E-15       
1.216804657740       1.231961E-14      
0.630512646679       8.8535E-16        
0.2001285881663      6.5001E-15        
0.22707017739        6.4843E-15        
0.579                *                 
5.01339800063        1.013E-14         
1.28171902379        4.55E-16          
1.35872676315        2.090E-15         
2.0743770781         2.04E-15          
0.61871508419        4.5024E-15        
0.16                 *                 
1.5772861505         4.134E-15         
1.424568215153       9.4418E-16        
0.865606225032       0.5949E-15        
0.09613056295        1.27E-15          
0.588                *                 
1.3927154635         6.3E-16           
0.3955551117394      0.19520E-15       
1.5469381168652      1.471483E-15      
1.1382856833155      1.82318E-16       
0.476734842147       1.112160E-14      
0.445944557385       4.17572E-15       
1.961572303613       1.095816E-14      
0.2839009641977      0.01516E-15       
1.220                *                 
0.341336231373       1.957E-16         
0.8151811027646      1.340139E-15      
0.3195611745         4.08E-15          
0.2215076382770      3.691271E-16      
1.19                 *                 
3.74663              *                 
0.405737             *                 
2.30487883766        5.2190E-15        
1.4231018383         3.503E-15         
0.4148705368737      8.6210E-17        
3.9538529596         3.24E-15          
4.061                *                 
0.157829924735       1.430393E-13      
1.2028517540847      2.622965E-15      
1.014684793189       7.14612E-16       
0.5521697            *                 
0.4401530669475      2.89263E-16       
0.1388657            *                 
0.694053479086       7.6801E-16        
0.00493111494309662  2.05705E-20       
0.32577128742        2.26E-16          
0.11066470446904     -0.0210281E-15    
0.05613303552473     0.0095406E-15     
0.0048028043457      -1.075E-18        
0.00465143521539     1.78E-19          
0.00402704270710     3.2E-20           
0.037660166953       2.0E-18           
0.0067433942397      2.4E-20           
1.22723540015        1.6E-17           
1.75087              *                 
0.696                *                 
0.312470             *                 
1.08351351364        1.421E-15         
0.282849345409       1.7857E-15        
0.0110193290688805   -5.181E-20        
0.012986381          *                 
9.42822888           4.1E-14           
8.509827491          4.96E-16          
0.00504              *                 
0.38014034472        1.681E-16         
0.3322056715409      1.0105979E-14     
0.593533613          0.708E-15         
1.34335              *                 
1.6090199964         0.9164E-15        
1.030002112040       1.24089E-15       
1.373654387          4.23E-15          
0.49814907254        1.42E-17          
1.525265633965       3.43256E-15       
0.745                *                 
0.0847               *                 
0.93801422813        9.00E-16          
0.322673549948       0.397E-15         
0.6369852            *                 
0.933161074780       6.9878E-15        
2.05743              *                 
1.004592528853       4.9517E-16        
0.751                *                 
0.3741958930416      2.36723E-15       
0.41910226464        69.048E-15        
1.05684421944        0.651E-15         
0.5384688219194      2.765209E-15      
0.2813991427542      6.17E-18          
1.336                *                 
0.94                 *                 
0.682542497406       9.6606E-15        
0.842408             *                 
0.05162357393        7.827E-14         
0.443054560638       2.25534E-15       
1.89312              *                 
0.0036               *                 
1.35874531269        2.22E-16          
0.059767357984547    1.576E-19         
0.162733852990       9.7034E-14        
3.07                 *                 
0.1399345            1.5358E-14        
1.664500786185       4.82385E-15       
0.596799464458       1.125E-16         
0.855405             *                 
0.461                *                 
0.477233119123       6.5935E-16        
0.792235920118       6.65E-17          
0.368246454342       5.75295E-15       
6.9790709703         4.7123E-13        
1.20640428819        2.040E-15         
1.575886338359       2.89250E-15       
0.535828895432       8.7E-18           
0.4750676748022      1.99491E-16       
1.9447               *                 
0.3494336821331      1.123699E-16      
1.061                *                 
0.813386             *                 
1.444653102317       1.047047E-15      
0.21601827884014     0.1632E-15        
2.256488426824       7.03689E-15       
0.0048084282894641   0.9661E-20        
2.3474860533         2.586E-15         
0.868735115025       1.0287E-15        
1.436309536149       2.82546E-15       
0.2336519694946      3.525632E-16      
0.79                 *                 
0.6321               *                 
1.643622185327       4.63038E-15       
0.756899382059       1.1761E-15        
0.495369868028       1.934498E-13      
0.3033               *                 
1.799                *                 
1.181463382967       1.36305E-15       
1.164                *                 
1.011691             *                 
0.944783886655       1.626279E-14      
