0.003050  1.1421e-20
0.003485  -4.59e-20
0.002101  -9.79e-21
0.002643  3.04e-20
0.003643  6.6e-19
0.003861  1.24e-20
0.002869  3.38e-21
0.006219  1.14e-19
0.002560  2.10e-20
0.002195  9.81e-21
0.026744  3.15e-19
0.002159  2.93e-21
0.007613  -6.41e-20
0.003234  3.10e-19
0.002295  2.22e-19
0.005790  8.04e-21
0.002345  2.54e-20
0.004175  7.93e-21
0.172444  1.55e-18
0.002652  2.73e-21
0.011563  -3.40e-20
0.003059  -4.34e-21
0.520954  1.05e-17
0.003354  2.32e-21
0.004480  1.63e-19
0.003619  -6.58e-21
0.001607  1.69e-20
0.004509  1.27e-20
0.003119  1.40e-20
0.002187  6.64e-21
